
明文部分
1.1 查询状态报文
FF FF FF FF 9E 59 A0 01 00 0B DD 5A 0F 00 00 05 01 12 34 56 78
数据段加密
ID：12345678 秘钥：0 随机数：99887766
12 34 56 78 99 88 77 66 00 0B 57 B3 2E 89 20 F9 15 46 25 58 E0
密文socket
FF FF FF FF 1B 12 A0 01 00 15 12 34 56 78 99 88 77 66 00 0B 57 B3 2E 89 20 F9 15 46 25 58 E0
BD发送
24 43 4F 55 54 2C 30 2C 31 2C 30 2C 35 32 32 38 30 38 2C 30 2C 33 36 31 38 31 2C 33 31 2C FF FF FF FF 1B 12 A0 01 00 15 12 34 56 78 99 88 77 66 00 0B 57 B3 2E 89 20 F9 15 46 25 58 E0 2C D4 0D 0A



ee ee ee ee
cr cr
00 46 d3 e2
01 d0
00 len
FF FF FF FF 1B 12 A0 01 00 15 12 34 56 78 99 88 77 66 00 0B 57 B3 2E 89 20 F9 15 46 25 58 E0


ee ee ee ee
9c 91
00 46 d3 e2 01 d0 00 3E 
46 46 46 46 46 46 46 46 31 42 31 32 41 30 30 31 30 30 31 35 31 32 33 34 35 36 37 38 39 39 38 38 37 37 36 36 30 30 30 42 35 37 42 33 32 45 38 39 32 30 46 39 31 35 34 36 32 35 35 38 45 30

crc8
ee ee ee ee 9c 91 00 46 d3 e2 01 d0 00 3E 46 46 46 46 46 46 46 46 31 42 31 32 41 30 30 31 30 30 31 35 31 32 33 34 35 36 37 38 39 39 38 38 37 37 36 36 30 30 30 42 35 37 42 33 32 45 38 39 32 30 46 39 31 35 34 36 32 35 35 38 45 30

crc6
ee ee ee ee d7 3f 00 46 d3 e2 01 d0 00 3E 46 46 46 46 46 46 46 46 31 42 31 32 41 30 30 31 30 30 31 35 31 32 33 34 35 36 37 38 39 39 38 38 37 37 36 36 30 30 30 42 35 37 42 33 32 45 38 39 32 30 46 39 31 35 34 36 32 35 35 38 45 30